732,-0.272724,0.508277,0.067149,-9.935937,-0.466869,2.597709
745,-0.309363,0.428472,0.018386,-8.887277,-0.040701,3.088520
758,-0.313760,0.373580,0.038637,-8.868123,0.074220,2.738967
771,-0.307098,0.296573,0.054492,-8.978256,0.260968,2.937685
784,-0.249675,0.240749,0.050095,-8.956709,0.426168,2.817975
797,-0.199580,0.186124,0.025847,-9.033323,0.301669,3.110068
810,-0.149219,0.092063,0.004263,-8.765172,0.725443,2.920926
823,-0.082204,-0.017453,-0.015721,-8.777143,0.557849,3.143587
836,-0.060487,-0.168271,-0.037971,-8.786720,-0.347159,3.311181
849,-0.031842,-0.289511,-0.041168,-8.669404,-0.023942,3.792415
862,0.036372,-0.404357,-0.057822,-8.638280,-0.409408,3.653552
875,0.053559,-0.501482,-0.062086,-8.556877,-0.684742,3.301604
888,0.009193,-0.580355,-0.051827,-8.513782,-0.651223,2.667141
901,-0.011458,-0.712787,-0.116444,-8.171411,0.426168,2.209848
914,-0.093795,-0.832695,-0.168538,-8.372523,-0.167594,2.573767
927,-0.211971,-0.958865,-0.231689,-8.518570,-0.754174,2.750938
940,-0.247943,-1.125138,-0.291776,-8.559271,-0.385466,3.675100
953,-0.246345,-1.145655,-0.316291,-10.584765,-2.154782,3.895366
966,-0.308297,-1.088766,-0.311095,-8.169016,-1.177947,6.093243
979,-0.306832,-1.251441,-0.389168,-9.114726,0.294487,4.096479
992,-0.237152,-1.451288,-0.196516,-8.353370,0.222661,3.928885
1005,-0.322819,-1.560271,-0.194518,-10.055647,-0.656011,5.497087
1018,-0.288312,-1.679513,-0.219432,-9.564836,-0.478840,4.714183
1031,-0.211305,-1.744530,-0.232755,-9.722853,-0.919373,4.639963
1044,-0.259934,-1.801419,-0.253406,-9.583989,-1.618480,4.230555
1057,-0.293908,-1.847917,-0.293508,-9.361329,-1.575385,4.235343
1070,-0.378776,-1.884956,-0.409819,-8.774749,-1.024718,3.931279
1083,-0.492689,-1.919596,-0.427139,-9.205706,-0.938527,4.503493
1096,-0.557306,-1.953836,-0.439930,-9.651027,-1.101333,5.197812
1109,-0.576891,-1.980482,-0.444726,-9.509769,-1.422156,4.642357
1122,-0.614995,-1.999002,-0.475769,-9.392453,-1.482011,4.419696
1135,-0.721847,-1.968492,-0.491357,-9.464279,-2.044648,4.407725
1148,-0.837092,-1.946642,-0.511608,-9.538500,-1.927332,4.352659
1161,-0.953003,-1.907072,-0.506012,-9.107543,-2.047042,4.484340
1174,-0.994838,-1.905606,-0.524132,-8.971074,-1.364695,4.268862
1187,-1.073178,-1.859775,-0.565034,-9.119514,-1.079785,4.893748
1200,-0.959531,-1.792093,-0.558639,-9.514558,-1.051055,4.843470
1213,-0.937015,-1.719749,-0.530260,-9.004593,-1.723825,3.991134
1226,-0.930487,-1.675116,-0.536922,-9.040505,-1.256956,5.406107
1239,-0.875995,-1.663525,-0.551977,-8.355764,-1.395820,4.958392
1252,-0.768478,-1.605969,-0.575426,-8.856153,-0.797269,5.592855
1265,-0.723312,-1.566000,-0.568631,-8.066066,-2.310405,4.730943
1278,-0.692403,-1.525631,-0.563968,-8.291121,-1.450886,5.415684
1291,-0.641375,-1.486861,-0.568764,-8.099585,-1.711854,5.243302
1304,-0.627786,-1.442228,-0.571429,-7.908048,-1.520318,5.487510
1317,-0.555441,-1.378410,-0.563835,-8.001422,-1.702277,4.977545
1330,-0.490025,-1.325784,-0.558639,-8.142680,-2.257732,5.882554
1343,-0.438864,-1.302335,-0.545315,-7.706935,-1.936909,6.378153
1356,-0.320688,-1.265297,-0.563435,-7.290344,-1.709460,6.076484
1369,-0.300570,-1.230257,-0.555308,-6.653487,-2.418144,5.717354
1382,-0.304700,-1.199081,-0.556773,-6.351817,-2.348712,5.533000
1395,-0.308430,-1.154182,-0.541452,-6.196194,-2.568978,5.619191
1408,-0.300037,-1.086767,-0.522133,-7.323863,-2.609680,5.319916
1421,-0.332412,-1.030544,-0.508011,-6.098032,-2.530671,5.695806
1434,-0.292842,-0.958599,-0.501616,-5.942409,-1.881842,5.750873
1447,-0.256603,-0.861873,-0.466842,-5.968745,-1.972822,5.410896
1460,-0.237418,-0.766213,-0.416348,-5.920861,-2.154782,5.465962
1473,-0.215968,-0.667888,-0.382773,-5.640739,-2.221819,5.374983
1486,-0.227159,-0.591147,-0.332945,-5.568913,-2.099715,4.826711
1499,-0.245678,-0.478433,-0.285914,-5.540183,-2.030283,4.788404
1512,-0.250075,-0.347067,-0.243147,-5.374983,-2.059013,4.929661
1525,-0.216634,-0.230490,-0.194118,-5.523423,-1.862689,4.886566
1538,-0.194251,-0.111115,-0.133897,-5.501875,-1.783680,4.795586
1551,-0.157080,0.016121,-0.079273,-5.458780,-1.529895,4.577713
1564,-0.095926,0.142158,-0.051694,-5.319916,-1.343147,4.754885
1577,-0.044366,0.266596,-0.002398,-5.255273,-1.455675,4.163517
1590,-0.041701,0.442994,0.069547,-7.941567,-3.344700,5.281609
1603,0.079539,0.491224,0.117110,-4.678270,-0.023942,4.656722
1616,0.089931,0.613930,0.185591,-6.634333,-1.874660,4.987122
1629,0.179995,0.693735,0.224894,-5.688623,-0.967257,4.570531
1642,0.201046,0.801119,0.287247,-6.232107,-1.663970,4.726154
1655,0.240482,0.893982,0.326816,-6.246472,-2.102109,5.195418
1668,0.279519,0.996570,0.368251,-6.545747,-2.066196,5.276821
1681,0.339473,1.087433,0.403557,-6.421249,-1.625663,5.662287
1694,0.425940,1.162842,0.438198,-6.612785,-1.453280,5.566519
1707,0.495620,1.242648,0.472171,-7.292738,-1.946486,5.504270
1720,0.488559,1.320721,0.480432,-6.801927,-2.214637,5.497087
1733,0.524132,1.379476,0.470440,-6.928820,-2.396596,5.978322
1746,0.529727,1.444626,0.481364,-6.725313,-3.026271,6.083666
1759,0.587150,1.489126,0.500417,-7.012617,-2.308010,6.414066
1772,0.629384,1.544550,0.536389,-7.127539,-1.951274,6.311116
1785,0.648170,1.603704,0.551311,-7.594408,-2.336741,5.911284
1798,0.649502,1.664191,0.552776,-8.015787,-2.343924,5.506664
1811,0.634580,1.699897,0.527196,-7.869741,-2.387019,5.499481
1824,0.588882,1.753723,0.515472,-8.212111,-2.813187,5.738902
1837,0.432602,1.751991,0.533058,-8.346188,-2.911349,5.133168
1850,0.282317,1.722946,0.549845,-9.354146,-2.296039,5.906496
1863,0.235953,1.684176,0.533058,-9.758766,-1.889025,5.748478
1876,0.210905,1.669521,0.503614,-10.402806,-1.996764,5.035006
1889,0.187190,1.698165,0.480698,-9.694122,-1.668759,4.908113
1902,0.230090,1.721481,0.467775,-8.487445,-0.852336,4.503493
1915,0.209839,1.716418,0.477101,-8.858546,-1.070208,4.774038
1928,0.256603,1.676049,0.476302,-9.327810,-0.521936,5.104438
1941,0.269660,1.622756,0.492822,-10.007763,-0.861913,5.080496
1954,0.280319,1.521501,0.462312,-9.885659,-1.285686,4.393360
1967,0.235953,1.458482,0.415948,-9.421184,-1.817199,4.158728
1980,0.175066,1.407988,0.363055,-8.358158,-1.778892,3.957615
1993,0.142158,1.407322,0.326683,-8.358158,-1.498770,3.849876
2006,0.079939,1.372815,0.330280,-8.918402,-0.988805,4.285621
2019,0.082337,1.327383,0.333478,-9.581595,-0.653617,4.455609
2032,0.084069,1.229325,0.351331,-9.746795,-0.778116,4.680665
2045,0.049296,1.147387,0.308564,-9.253590,-1.589750,3.624821
2058,-0.082204,1.095161,0.304700,-9.088389,-1.702277,3.215413
2071,-0.180262,1.074776,0.269260,-8.695741,-1.367089,3.658340
2084,-0.214502,1.028145,0.282717,-9.133880,-0.677559,3.866636
2097,-0.193452,0.966459,0.322420,-9.421184,-0.440533,3.928885
2110,-0.165074,0.935816,0.352930,-9.356541,-0.622492,3.919308
2123,-0.153349,0.869467,0.337342,-9.342175,-0.399832,3.141193
2136,-0.217966,0.837758,0.328948,-9.157822,-1.067814,2.947262
2149,-0.297239,0.779003,0.314026,-8.760384,-0.912191,2.968810
2162,-0.280452,0.693469,0.267395,-8.157045,-0.239420,2.358289
2175,-0.261799,0.654032,0.248476,-9.023746,-0.100556,2.188300
2188,-0.288845,0.575426,0.218233,-8.774749,-0.280122,3.426103
2201,-0.217034,0.539453,0.182260,-9.018958,0.311246,3.473987
2214,-0.122972,0.406888,0.162942,-8.911219,0.435745,3.586514
2227,0.023848,0.425407,0.019052,-9.287108,0.009577,1.656788
2240,0.155881,0.270593,0.026913,-8.774749,0.155623,2.609680
2253,0.191320,0.236752,0.016787,-8.784326,-0.141258,2.614468
2266,0.241282,0.164807,0.019851,-8.631097,0.366313,2.767697
2279,0.273391,0.072345,0.028778,-8.872911,0.016759,2.762909
2292,0.270726,-0.040502,-0.007594,-8.635885,-0.191536,2.607286
2305,0.264198,-0.187190,-0.052360,-8.652645,-0.215478,2.798822
2318,0.193319,-0.315625,-0.075942,-8.678981,-0.871489,3.071761
2331,0.056224,-0.416081,-0.110582,-8.432379,-1.017536,3.361459
2344,-0.004397,-0.533724,-0.146021,-8.602366,-0.208296,3.658340
2357,-0.069280,-0.651501,-0.156280,-8.415619,-0.533907,3.699042
2370,-0.127769,-0.765280,-0.188256,-8.683769,-0.497994,3.725378
2383,-0.138694,-0.914100,-0.216101,-8.609550,0.572214,3.955221
2396,-0.193985,-1.039870,-0.258735,-8.963891,-1.213860,3.541024
2409,-0.396629,-1.057323,-0.298172,-8.635885,-1.345541,4.817134
2422,-0.420078,-1.140193,-0.282850,-8.147469,-0.471658,4.891354
2435,-0.280985,-1.387870,-0.311228,-8.564059,-0.579397,4.094085
2448,-0.326150,-1.520568,-0.316557,-10.527305,-0.849942,5.216966
2461,-0.337874,-1.666456,-0.314825,-10.010158,-1.091756,4.843470
2474,-0.332812,-1.749593,-0.390634,-9.349358,-0.533907,5.248090
2487,-0.358126,-1.846585,-0.439263,-9.720459,-1.261744,4.632780
2500,-0.359591,-1.936783,-0.481897,-9.864111,-1.010353,5.566519
2539,-0.448323,-2.150752,-0.595544,-9.667787,-1.850718,5.604826
2552,-0.504547,-2.207775,-0.628585,-9.739613,-1.881842,5.406107
2565,-0.608600,-2.236953,-0.651634,-9.562442,-2.027889,5.729325
2578,-0.694002,-2.234021,-0.693735,-9.866506,-2.166753,5.597643
2591,-0.728642,-2.251208,-0.716518,-9.421184,-2.334347,6.232107
2604,-0.745029,-2.258669,-0.714786,-9.909601,-1.144428,5.944803
2617,-0.795524,-2.274524,-0.797123,-9.706094,-1.367089,5.985504
2630,-0.856943,-2.286781,-0.784066,-9.849746,-2.255338,5.705383
2643,-0.914233,-2.301703,-0.798322,-9.610326,-1.881842,6.581660
2656,-0.938881,-2.278254,-0.823236,-9.112331,-1.917756,6.768408
2669,-0.856277,-2.260934,-0.836825,-9.232041,-2.267309,6.445191
2682,-0.825900,-2.230557,-0.840956,-8.532935,-2.037466,6.019023
2695,-0.792726,-2.180596,-0.840423,-8.171411,-1.984793,5.980716
2708,-0.795657,-2.120375,-0.833228,-8.286332,-1.877054,5.746084
2721,-0.810845,-2.063752,-0.822436,-7.888895,-2.341529,5.621585
2734,-0.771809,-1.993672,-0.805516,-7.486669,-1.903390,6.205771
2747,-0.735170,-1.915199,-0.789795,-7.426814,-1.814805,6.028600
2760,-0.721181,-1.853247,-0.744496,-7.177817,-1.965640,5.767632
2773,-0.702662,-1.771043,-0.710256,-6.957550,-2.066196,5.348647
2786,-0.694801,-1.676848,-0.667622,-6.687006,-1.965640,5.118803
2799,-0.658429,-1.540553,-0.602205,-7.177817,-1.561020,5.013458
2812,-0.597942,-1.421178,-0.547447,-6.347029,-1.805228,4.841076
2825,-0.540519,-1.301802,-0.514672,-6.196194,-1.374272,4.642357
2838,-0.461779,-1.175632,-0.463511,-5.920861,-1.082179,4.472369
2851,-0.382240,-1.036806,-0.404490,-5.961562,-1.139640,4.733337
2864,-0.300836,-0.903041,-0.333611,-5.528212,-0.694318,4.242526
2877,-0.266862,-0.768611,-0.225161,-5.382165,-1.273715,4.371812
2890,-0.231023,-0.617260,-0.190787,-5.161899,-1.455675,4.005499
2903,-0.207308,-0.456983,-0.150418,-4.862624,-1.814805,4.228160
2916,-0.162009,-0.297905,-0.094461,-4.984728,-1.824382,4.046201
2929,-0.094994,-0.140692,-0.037971,-5.044583,-1.355118,4.299986
2942,-0.004930,0.013190,0.019185,-5.001487,-1.118092,4.283227
2955,0.060487,0.166806,0.083669,-4.819528,-1.345541,4.187459
2968,0.051694,0.355328,0.142424,-6.289568,-3.634398,4.625597
2981,0.118576,0.465643,0.199580,-5.111620,-1.118092,4.256891
2994,0.075542,0.602338,0.241815,-5.396531,-2.817975,4.618415